29.4653732089
23.4084214604
6391.8907859
0
10837.0680675
6893.65650358
0
0
0
0
6720.48293212
6373.82939337
0
7390.8640817
6436.95530471
0
0
6363.16035438
6858.3407256
0
0
0
6381.73342371
6381.64263306
7093.325561
0
6370.79445517
6545.32762049
0
0
0
0
6540.80048011
6454.15522417
0
6392.33363894
6370.68790372
0
6792.27740442
0
6427.1795605
0
0
0
6355.05522377
6869.31954767
0
0
6352.67198228
0
6396.81175722
7067.83209471
6390.49431312
6350.98436719
0
6358.31412676
0
0
0
0
6495.24614585
6382.94739952
0
6359.13367474
0
6468.23771962
6425.28198343
0
0
6410.89259326
6603.19901279
6360.86538272
0
0
6365.06241024
0
0
6410.21995428
6361.04341232
0
0
6392.52422246
6358.09178223
0
6900.17532374
0
0
6381.94965922
0
6518.24530571
6398.11012643
0
0
0
6414.29954293
6359.33058749
6429.2577022
0
6378.73451829
6469.84272981
6350.82997034
0
0
0
6702.52144214
0
0
6354.6151517
6450.8663277
0
